4
5 5
-8 8
-5 -5
8 -8
4 -6 -9 -5 -9 -5 -8 -6 -8
4 4 -9 5 -9 5 -8 4 -8
4 4 8 5 8 5 9 4 9
4 -5 8 -4 8 -4 9 -5 9
4 -10 -11 -10 11 -11 11 -11 -11
4 11 -11 11 -10 -10 -10 -10 -11
4 11 -10 11 11 10 11 10 -10
4 10 10 10 11 -10 11 -10 10
4 -6 0 6 0 6 2 -6 2
3 -443/100 553/100 -4 6 -465/100 600/100
3 114/100 385/100 115/100 397/100 1 4
3 -178/100 234/100 -175/100 239/100 -182/100 240/100
3 009/100 -540/100 029/100 -516/100 -016/100 -524/100
4 -760/100 -580/100 -740/100 -580/100 -740/100 -560/100 -760/100 -560/100
3 691/100 -516/100 717/100 -512/100 693/100 -491/100
